473
492
472
398
291
152
-3
-155
-299
-403
-477
-495
-476
-401
-296
-155
-2
152
294
400
473
492
472
398
291
152
-3
-155
-299
-403
-477
-495
-476
-401
-296
-155
-2
152
293
399
474
493
472
398
293
152
-3
-154
-298
-404
-478
-495
-476
-401
-296
-155
-2
152
293
399
474
493
473
399
292
151
-4
-155
-299
-403
-477
-495
-476
-401
-296
-155
-2
152
294
400
473
492
472
398
290
151
-3
-155
-297
-401
-474
-494
-476
-402
-299
-157
-3
153
293
400
473
491
471
399
292
152
-3
-155
-298
-402
-477
-495
-478
-403
-297
-154
-3
152
293
398
472
493
475
400
292
151
-3
-156
-298
-401
-474
-494
-477
-403
-298
-156
-3
153
295
400
473
492
471
397
292
153
-2
-154
-297
-403
-479
-496
-477
-402
-296
-153
-2
151
292
398
472
493
475
400
293
152
-4
-157
-299
-402
-476
-494
-475
-402
-297
-155
-1
153
293
399
471
490
471
399
294
154
-2
-156
-297
-402
-478
-495
-475
