0
-3
-5
10
72
163
290
398
476
494
476
400
294
152
-1
-153
-295
-401
-477
-495
-477
-401
-295
-153
-1
152
294
400
476
494
476
400
294
152
0
-153
-295
-401
-477
-495
-477
-401
-295
-153
-1
152
294
400
476
494
476
400
294
152
-1
-153
-295
-401
-477
-495
-477
-401
-295
-153
0
152
294
400
476
494
476
400
294
152
0
-153
-295
-401
-477
-495
-477
-401
-295
-153
0
152
294
400
476
494
476
400
294
152
-1
-153
-295
-401
-477
-495
-477
-401
-295
-153
-1
152
294
400
476
494
476
400
294
152
0
-153
-295
-401
-477
-495
-477
-401
-295
-153
0
152
294
400
476
494
476
400
294
152
-1
-153
-295
-401
-477
-495
-477
-401
-295
-153
-1
152
294
400
476
494
476
400
294
152
0
-153
-295
-401
-477
-495
-477
-401
-295
-153
0
152
294
400
476
494
476
400
294
152
-1
-153
-295
-401
-477
-495
-477
-401
-295
-153
0
152
294
400
476
494
476
400
294
152
0
-153
-295
-401
-477
-495
-477
