496
471
407
289
162
-7
-146
-301
-400
-481
-503
-480
-414
-298
-169
-3
140
292
393
472
496
471
407
289
162
-7
-146
-301
-400
-481
-503
-480
-414
-298
-169
-3
140
292
393
473
497
472
408
291
163
-5
-145
-300
-400
-480
-503
-480
-414
-298
-169
-3
140
292
393
473
497
472
408
290
162
-6
-146
-301
-400
-481
-503
-480
-414
-298
-169
-3
140
292
393
472
496
471
407
289
162
-6
-145
-299
-398
-479
-502
-479
-415
-299
-171
-5
139
289
392
470
495
470
407
288
162
-7
-146
-301
-400
-482
-504
-482
-416
-300
-170
-6
139
290
392
472
497
472
409
291
163
-4
-145
-298
-398
-479
-502
-479
-415
-298
-170
-4
140
291
393
472
496
471
407
290
163
-6
-145
-300
-400
-481
-504
-481
-415
-299
-169
-5
139
291
392
472
497
472
409
291
163
-5
-146
-299
-399
-480
-502
-479
-414
-297
-169
-3
140
291
392
471
495
471
408
290
164
-5
-145
-298
-399
-480
-503
-480
