00000010110000111101001000000001010010110100000000000000000000100
00000010110000111101001000000001010010110100000000000000000000100
11111110000011111101001000000001000010110100000000000000000000100
00000000011010011101001000000001001010110100000000000000000000100
00000000000111101001001000000001001001110100000000000000000000100
11111111111110001111001000000001001001010100000000000000000000100
11111111111111011010011000000001001001011000000000000000000000100
00000000000000000000000000000001001001011010000000000000000000100
00000000000000000000000000000001001001011010000000000000000000100
00000000000000000000000000000001001001011010000000000000000000100
00000000000000000000000000000001001001011010000000000000000000100
00000000000000000000000000000001001001011010000000000000000000100
00000000000000000000000000000001001001011010000000000000000000100
00000000000000000000000000000001001001011010000000000000000000100
00000000000000000000000000000001001001011010000000000000000000100
00000000000000000000000000000001001001011010000000000000000000100
00000000000000000000000000000000110110100101111111111111111111100
