00000000000000000000000000000000000000000000000000000000000000000
00000000000000000000000000000000000100101101000000000000000000010
11111111111111111111111111111111110110100101111111111111111111100
00000000000000000000000000000000000100101101000000000000000000010
00000000000000000000000000000000001001011010000000000000000000100
11111111111111111111111111111111111011010010111111111111111111110
11111111111111111111111111111111110110100101111111111111111111100
00000000000000000000000000000000000000000000000000000000000000000
00000000000000000000000000000000000000000000000000000000000000000
00000000000000000000000000000000000000000000000000000000000000000
00000000000000000000000000000000000000000000000000000000000000000
00000000000000000000000000000000000000000000000000000000000000000
00000000000000000000000000000000000000000000000000000000000000000
00000000000000000000000000000000000000000000000000000000000000000
00000000000000000000000000000000000000000000000000000000000000000
00000000000000000000000000000000000100101101000000000000000000010
00000000000000000000000000000000110110100101111111111111111111100
