100000000000
001011100110
001011000101
100100111100
001110101111
000000101011
001011010000
000011100101
100000000000
000111101000
000011110001
101100111100
001100010000
000001101110
100000000000
101111111111
000011000101
000001100101
111111111111
001100010110
000010110111
000011010110
001110011111
000001100111
000000110111
000110111001
001100111110
001110010011
101100111100
001110110100
001011011001
000101011111
000001111111
001010010101
000110010111
001101010110
001000110100
001000110001
001001111001
001100000101
000111110111
001111100011
001101011001
001111010000
111111111111
001010100101
100100111100
111111111111
001001111110
001010100011
111011000011
000111001101
111111111111
001101101011
110011000011
000010001100
000010001101
000101110110
001000000011
001110000001
000111001011
000000101011
000011000001
001001010111
000101110001
001100111101
111111111111
110000000000
001010011010
100000000000
000001111100
110011000011
100000000000
000010011011
000001111100
000001100000
000110011000
111011000011
001011110000
001000101101
001110010010
100000000000
000000101111
100100111100
001011100010
001001010011
100000000000
001100110010
101100111100
001111101111
001101011010
000111100001
000100010011
001000000011
000100111010
100000000000
000101110010
001100011110
000010001000
101111111111
000100110011
001111101011
111111111111
001110010100
001110001000
001000110001
001001001110
101100111100
001010010101
000101111100
001101010000
000101111101
001101111100
001010101011
111111111111
000001001001
001010101010
001100111101
001100000110
001111100010
001101110100
000111010001
100100111100
001110000111
001000111011
000010011000
000111001100
111111111111
001100001100
000100100011
001010100111
111011000011
000100011001
000100100001
001101001101
000111111101
001101010101
001001001011
000111010010
001110001000
000000010011
000111000000
000001110111
000101001100
111111111111
000110000000
001000111110
000110010111
001010100000
001011100010
001101010011
110011000011
111111111111
110000000000
100000000000
000100110100
110011000011
000001100001
100000000000
001101101111
001001000111
001000110110
000101010010
000111110111
111011000011
000001000010
001101001101
001001110011
001110001010
000011000011
100000000000
001001011111
001001110010
001000100000
100100111100
000110110101
001001111010
001011100000
001000010000
000010100000
001011000110
001101010111
000101110000
000110001011
001011101111
001011000101
001100100010
000001101111
001001011100
000000110011
100000000000
000000010000
000001001111
000111111111
101100111100
000001111100
001001100101
100000000000
101111111111
100000000000
101100111100
001101010011
001000010100
000001100011
000001101110
000010010010
000000000100
001101100100
001111110001
000100010101
111111111111
001001010111
000001010100
001000010000
100100111100
001001011100
001111000011
000111001110
001000100000
001010110111
000011110100
001101110110
000001110011
000100110011
001101010100
000110001111
000010001111
100000000000
111011000011
000100000111
111111111111
000001111001
001011010010
110011000011
000001001011
000000000011
111111111111
110000000000
100000000000
110011000011
100000000000
111011000011
100000000000
001110011001
000011100010
000110000000
000100001110
100100111100
000010110001
100000000000
000110111000
001100001011
101100111100
001011010010
001000110101
100000000000
000011101001
001110001111
000110011011
001001101110
001110100010
000101010100
000111000100
000000100001
001011011100
101111111111
000011000000
000110011101
000000110001
000100011001
100000000000
101100111100
111111111111
001110111101
001011101001
100100111100
000011000001
111111111111
001011001011
001000101011
000100100110
001100001011
001001001101
001010010100
111011000011
000101100011
111111111111
110011000011
111111111111
000110111001
000100000110
110000000000
000100011101
001110011111
000000011001
001101011000
000000111010
001001010011
001011011111
001011100111
001001010010
100000000000
110011000011
000100100011
001111011000
100000000000
111011000011
001110111010
000100010111
100000000000
000101111111
100100111100
000001011101
000000001011
001100100111
100000000000
001001000110
101100111100
001010010001
100000000000
001111100001
001000000101
101111111111
000011110010
001001111010
000010110000
111111111111
101100111100
001110100100
001011100101
111111111111
001100111101
001111110011
100100111100
001000001011
111111111111
001000111001
001101010001
001100100111
000111001110
000001110000
111011000011
100000000000
001111100011
000100111111
110011000011
001110100100
000100000101
100000000000
001001010110
000000111110
000100100011
000011000011
000110010010
001010110100
110000000000
000010001000
001001001000
100000000000
110011000011
001110100000
000000100001
111111111111
000111001101
001100100111
001000100000
001101111011
001010011001
000001001101
000110100111
000100001101
001111111010
111011000011
000011001000
001100110100
001011101001
001100111011
000001001010
001110100011
111111111111
001011111110
100100111100
001100001101
000010111100
001000010001
001101101010
001010110110
001110111100
000011101101
001011010001
001100000110
001111011000
001111011010
100000000000
101100111100
001001010001
001110011001
000110111001
001011011000
111111111111
000010010001
000100000110
001010100100
101111111111
111111111111
101100111100
111111111111
001110000100
000110011101
100100111100
000110100000
001001110101
001110000001
000111011011
001110010111
000101010110
001110011010
000110000010
001111010000
001000101000
000001001000
111111111111
111011000011
000000001001
001010010001
111111111111
110011000011
111111111111
000010000010
110000000000
000101101010
000110111110
000000110010
111111111111
110011000011
000011110110
001101101100
000111110100
111111111111
111011000011
001100001011
000111010111
001110101010
100000000000
001001001111
001110001000
000010110111
001001111110
001100110101
001111101011
100100111100
111111111111
101100111100
000001110001
001110001000
000101111001
100000000000
001111010010
101111111111
001101101100
100000000000
001111101001
101100111100
100000000000
001110100010
001110011000
100100111100
000101100010
000010011111
001001111111
001100110111
111111111111
000111111101
001011110111
000010100000
001001111000
001101010110
001001010011
001101101010
111011000011
000110100001
100000000000
000010011110
110011000011
000100000100
000110011011
000110001011
000010101010
100000000000
110000000000
001100010011
100000000000
001011000100
001101001111
110011000011
001000010111
001101010010
001000111001
111111111111
000011101111
000110001001
001111110110
001111101011
111011000011
000000110100
001001100111
001111110011
000110100010
100000000000
000011010100
100100111100
000001100010
001011111101
000101011001
001000110101
001110010001
001000101110
001001111101
001011111011
100000000000
000000011001
001011101100
000101110111
001110010000
101100111100
100000000000
101111111111
000100100101
000000110100
000010100110
000010101011
001111111110
000000110000
111111111111
000101010101
101100111100
001010111010
000111000000
000000000101
001100110011
111111111111
001100001100
001001001010
000101010000
100100111100
001001010101
000100101001
001101110001
001111110101
100000000000
001010110011
111011000011
000110011000
001100110010
111111111111
001101011100
000110110111
001011001100
001100000111
000110110111
001001001010
000100011010
001001011001
000001010111
001000010101
110011000011
001110001000
001100011111
111111111111
000100001010
001101011111
110000000000
000111101110
001100110000
000010100010
111111111111
000110000000
001111100010
001101101111
001010000110
001000111100
001011100000
001010001101
000011001011
001111110110
001010100010
001111111010
000001101110
110011000011
001001000100
001011111011
001000010111
100000000000
001000101000
111011000011
001000010011
100000000000
000101010001
100100111100
111111111111
000011101001
000001000011
101100111100
100000000000
000111000110
001001101001
000001110100
001101100100
101111111111
000101001101
000011101011
001001101001
000111001010
100000000000
000110100001
101100111100
000111001101
001100110111
001101111100
100000000000
100100111100
001111010100
000111001110
000000111100
001000000110
111111111111
000010101100
000101111000
000000010001
001010000001
001010011001
000001100000
000000001110
111011000011
111111111111
000001000101
001010001011
001101110100
110011000011
001000011101
000011011001
001011001110
000111000110
100000000000
110000000000
001100101110
000101100001
001000010100
000001001011
100000000000
001110100111
000100101110
110011000011
001100100010
100000000000
111011000011
001101010000
001001000111
000100100100
001100101110
000111001000
000100011101
001110011100
001011111100
100000000000
000010000110
100100111100
100000000000
101100111100
000001001011
001011100011
000111110111
001110001110
000100100000
000000100101
001111100011
000100111100
111111111111
000010001010
001110010110
001001110101
001011001010
101111111111
000000100000
000101011011
000011111011
001110111111
111111111111
101100111100
100000000000
001001100100
100100111100
001001111000
100000000000
111011000011
111111111111
000001011110
110011000011
100000000000
110000000000
001011001010
001010011001
000101001101
000001111000
111111111111
110011000011
001111100000
100000000000
001010011111
111011000011
001000111010
000100010001
001110010111
000110100000
000100000101
001111010000
111111111111
