483328
502784
482304
405504
295936
152576
-6144
-160768
-307200
-414720
-491520
-509952
-490496
-412672
-304128
-158720
-3072
154624
299008
407552
483328
502784
482304
405504
295936
152576
-6144
-160768
-307200
-414720
-491520
-509952
-490496
-412672
-304128
-158720
-3072
154624
299008
407552
484352
503808
483328
406528
297984
153600
-5120
-159744
-306176
-414720
-491520
-509952
-490496
-412672
-304128
-158720
-3072
154624
299008
407552
484352
503808
483328
406528
296960
152576
-6144
-160768
-307200
-414720
-491520
-509952
-490496
-412672
-304128
-158720
-3072
154624
299008
407552
483328
502784
482304
405504
295936
152576
-5120
-159744
-305152
-412672
-489472
-508928
-490496
-413696
-306176
-160768
-5120
153600
296960
406528
482304
501760
481280
405504
295936
152576
-6144
-160768
-307200
-414720
-492544
-510976
-492544
-414720
-306176
-159744
-5120
153600
297984
406528
483328
503808
484352
407552
297984
153600
-4096
-159744
-305152
-412672
-489472
-508928
-490496
-413696
-305152
-159744
-4096
154624
299008
407552
483328
502784
482304
405504
296960
153600
-5120
-159744
-306176
-414720
-492544
-510976
-491520
-413696
-305152
-158720
-4096
153600
297984
406528
483328
503808
484352
407552
297984
153600
-5120
-160768
-306176
-413696
-490496
-508928
-489472
-412672
-304128
-158720
-3072
154624
297984
406528
482304
501760
482304
406528
297984
154624
-4096
-159744
-305152
-413696
-491520
-509952
-490496
