0
-2
-3
5
35
81
143
197
234
244
233
196
142
72
-6
-81
-153
-205
-242
-251
-241
-203
-150
-79
-3
74
145
198
234
244
233
196
142
72
-6
-81
-153
-205
-242
-251
-241
-203
-150
-79
-3
74
145
198
235
245
234
197
144
73
-5
-80
-152
-205
-242
-251
-241
-203
-150
-79
-3
74
145
198
235
245
234
197
143
72
-6
-81
-153
-205
-242
-251
-241
-203
-150
-79
-3
74
145
198
234
244
233
196
142
72
-5
-80
-151
-203
-240
-250
-241
-204
-152
-81
-5
73
143
197
233
243
232
196
142
72
-6
-81
-153
-205
-243
-252
-243
-205
-152
-80
-5
73
144
197
234
245
235
198
144
73
-4
-80
-151
-203
-240
-250
-241
-204
-151
-80
-4
74
145
198
234
244
233
196
143
73
-5
-80
-152
-205
-243
-252
-242
-204
-151
-79
-4
73
144
197
234
245
235
198
144
73
-5
-81
-152
-204
-241
-250
-240
-203
-150
-79
-3
74
144
197
233
243
233
197
144
74
-4
-80
-151
-204
-242
-251
-241
