0
-8
-8
8
64
160
280
384
448
464
440
368
256
120
-40
-192
-336
-440
-504
-520
-496
-424
-312
-176
-16
136
280
384
448
464
440
368
256
120
-40
-192
-336
-440
-504
-520
-496
-424
-312
-176
-16
136
280
384
456
472
448
376
272
128
-32
-184
-328
-440
-504
-520
-496
-424
-312
-176
-16
136
280
384
456
472
448
376
264
120
-40
-192
-336
-440
-504
-520
-496
-424
-312
-176
-16
136
280
384
448
464
440
368
256
120
-32
-184
-320
-424
-488
-512
-496
-432
-328
-192
-32
128
264
376
440
456
432
368
256
120
-40
-192
-336
-440
-512
-528
-512
-440
-328
-184
-32
128
272
376
448
472
456
384
272
128
-24
-184
-320
-424
-488
-512
-496
-432
-320
-184
-24
136
280
384
448
464
440
368
264
128
-32
-184
-328
-440
-512
-528
-504
-432
-320
-176
-24
128
272
376
448
472
456
384
272
128
-32
-192
-328
-432
-496
-512
-488
-424
-312
-176
-16
136
272
376
440
456
440
376
272
136
-24
-184
-320
-432
-504
-520
-496
