26
26
25
21
14
5
-5
-14
-24
-30
-33
-33
-32
-28
-21
-12
-2
7
17
23
26
26
25
21
14
5
-5
-14
-24
-30
-33
-33
-32
-28
-21
-12
-2
7
17
23
27
27
26
22
16
6
-4
-13
-23
-30
-33
-33
-32
-28
-21
-12
-2
7
17
23
27
27
26
22
15
5
-5
-14
-24
-30
-33
-33
-32
-28
-21
-12
-2
7
17
23
26
26
25
21
14
5
-4
-13
-22
-28
-31
-32
-32
-29
-23
-14
-4
6
15
22
25
25
24
21
14
5
-5
-14
-24
-30
-34
-34
-34
-30
-23
-13
-4
6
16
22
26
27
27
23
16
6
-3
-13
-22
-28
-31
-32
-32
-29
-22
-13
-3
7
17
23
26
26
25
21
15
6
-4
-13
-23
-30
-34
-34
-33
-29
-22
-12
-3
6
16
22
26
27
27
23
16
6
-4
-14
-23
-29
-32
-32
-31
-28
-21
-12
-2
7
16
22
25
25
25
22
16
7
-3
-13
-22
-29
-33
-33
-32
