11264
11264
10240
8192
4096
1024
-5120
-10240
-14336
-17408
-18432
-18432
-17408
-15360
-11264
-8192
-2048
3072
7168
10240
11264
11264
10240
8192
4096
1024
-5120
-10240
-14336
-17408
-18432
-18432
-17408
-15360
-11264
-8192
-2048
3072
7168
10240
12288
12288
11264
9216
6144
2048
-4096
-9216
-13312
-17408
-18432
-18432
-17408
-15360
-11264
-8192
-2048
3072
7168
10240
12288
12288
11264
9216
5120
1024
-5120
-10240
-14336
-17408
-18432
-18432
-17408
-15360
-11264
-8192
-2048
3072
7168
10240
11264
11264
10240
8192
4096
1024
-4096
-9216
-12288
-15360
-16384
-17408
-17408
-16384
-13312
-10240
-4096
2048
5120
9216
10240
10240
9216
8192
4096
1024
-5120
-10240
-14336
-17408
-19456
-19456
-19456
-17408
-13312
-9216
-4096
2048
6144
9216
11264
12288
12288
10240
6144
2048
-3072
-9216
-12288
-15360
-16384
-17408
-17408
-16384
-12288
-9216
-3072
3072
7168
10240
11264
11264
10240
8192
5120
2048
-4096
-9216
-13312
-17408
-19456
-19456
-18432
-16384
-12288
-8192
-3072
2048
6144
9216
11264
12288
12288
10240
6144
2048
-4096
-10240
-13312
-16384
-17408
-17408
-16384
-15360
-11264
-8192
-2048
3072
6144
9216
10240
10240
10240
9216
6144
3072
-3072
-9216
-12288
-16384
-18432
-18432
-17408
