0
-16
-16
-16
64
128
272
336
416
416
400
304
224
80
-80
-224
-368
-448
-528
-528
-512
-416
-320
-192
-32
112
272
336
416
416
400
304
224
80
-80
-224
-368
-448
-528
-528
-512
-416
-320
-192
-32
112
272
336
432
432
416
320
256
96
-64
-208
-352
-448
-528
-528
-512
-416
-320
-192
-32
112
272
336
432
432
416
320
240
80
-80
-224
-368
-448
-528
-528
-512
-416
-320
-192
-32
112
272
336
416
416
400
304
224
80
-64
-208
-336
-416
-496
-512
-512
-432
-352
-224
-64
96
240
320
400
400
384
304
224
80
-80
-224
-368
-448
-544
-544
-544
-448
-352
-208
-64
96
256
320
416
432
432
336
256
96
-48
-208
-336
-416
-496
-512
-512
-432
-336
-208
-48
112
272
336
416
416
400
304
240
96
-64
-208
-352
-448
-544
-544
-528
-432
-336
-192
-48
96
256
320
416
432
432
336
256
96
-64
-224
-352
-432
-512
-512
-496
-416
-320
-192
-32
112
256
320
400
400
400
320
256
112
-48
-208
-336
-432
-528
-528
-512
