0
-1
-1
1
8
20
35
48
56
58
55
46
32
15
-5
-24
-42
-55
-63
-65
-62
-53
-39
-22
-2
17
35
48
56
58
55
46
32
15
-5
-24
-42
-55
-63
-65
-62
-53
-39
-22
-2
17
35
48
57
59
56
47
34
16
-4
-23
-41
-55
-63
-65
-62
-53
-39
-22
-2
17
35
48
57
59
56
47
33
15
-5
-24
-42
-55
-63
-65
-62
-53
-39
-22
-2
17
35
48
56
58
55
46
32
15
-4
-23
-40
-53
-61
-64
-62
-54
-41
-24
-4
16
33
47
55
57
54
46
32
15
-5
-24
-42
-55
-64
-66
-64
-55
-41
-23
-4
16
34
47
56
59
57
48
34
16
-3
-23
-40
-53
-61
-64
-62
-54
-40
-23
-3
17
35
48
56
58
55
46
33
16
-4
-23
-41
-55
-64
-66
-63
-54
-40
-22
-3
16
34
47
56
59
57
48
34
16
-4
-24
-41
-54
-62
-64
-61
-53
-39
-22
-2
17
34
47
55
57
55
47
34
17
-3
-23
-40
-54
-63
-65
-62
