100000000000
100100111100
100000000000
101100111100
100000000000
101111111111
111111111111
101100111100
111111111111
100100111100
111111111111
111011000011
111111111111
110011000011
111111111111
110000000000
100000000000
110011000011
100000000000
111011000011
100000000000
100100111100
100000000000
101100111100
100000000000
101111111111
111111111111
101100111100
111111111111
100100111100
111111111111
111011000011
111111111111
110011000011
111111111111
110000000000
100000000000
110011000011
100000000000
111011000011
100000000000
100100111100
100000000000
101100111100
100000000000
101111111111
100000000000
101100111100
111111111111
100100111100
100000000000
111011000011
111111111111
110011000011
111111111111
110000000000
100000000000
110011000011
100000000000
111011000011
100000000000
100100111100
100000000000
101100111100
100000000000
101111111111
100000000000
101100111100
111111111111
100100111100
111111111111
111011000011
111111111111
110011000011
111111111111
110000000000
100000000000
110011000011
100000000000
111011000011
100000000000
100100111100
100000000000
101100111100
100000000000
101111111111
111111111111
101100111100
111111111111
100100111100
111111111111
111011000011
100000000000
110011000011
100000000000
110000000000
100000000000
110011000011
111111111111
111011000011
111111111111
100100111100
100000000000
101100111100
111111111111
101111111111
111111111111
101100111100
111111111111
100100111100
111111111111
111011000011
111111111111
110011000011
111111111111
110000000000
111111111111
110011000011
111111111111
111011000011
100000000000
100100111100
111111111111
101100111100
100000000000
101111111111
100000000000
101100111100
100000000000
100100111100
111111111111
111011000011
100000000000
110011000011
100000000000
110000000000
100000000000
110011000011
111111111111
111011000011
100000000000
100100111100
100000000000
101100111100
100000000000
101111111111
111111111111
101100111100
111111111111
100100111100
100000000000
111011000011
111111111111
110011000011
111111111111
110000000000
111111111111
110011000011
100000000000
111011000011
100000000000
100100111100
111111111111
101100111100
100000000000
101111111111
100000000000
101100111100
100000000000
100100111100
111111111111
111011000011
111111111111
110011000011
100000000000
110000000000
100000000000
110011000011
100000000000
111011000011
100000000000
100100111100
100000000000
101100111100
111111111111
101111111111
111111111111
101100111100
100000000000
100100111100
100000000000
111011000011
111111111111
110011000011
100000000000
110000000000
111111111111
110011000011
100000000000
111011000011
111111111111
