00000000000
00100111100
00000000000
01100111100
00000000000
01111111111
11111111111
01100111100
11111111111
00100111100
11111111111
11011000011
11111111111
10011000011
11111111111
10000000000
00000000000
10011000011
00000000000
11011000011
00000000000
00100111100
00000000000
01100111100
00000000000
01111111111
11111111111
01100111100
11111111111
00100111100
11111111111
11011000011
11111111111
10011000011
11111111111
10000000000
00000000000
10011000011
00000000000
11011000011
00000000000
00100111100
00000000000
01100111100
00000000000
01111111111
00000000000
01100111100
11111111111
00100111100
00000000000
11011000011
11111111111
10011000011
11111111111
10000000000
00000000000
10011000011
00000000000
11011000011
00000000000
00100111100
00000000000
01100111100
00000000000
01111111111
00000000000
01100111100
11111111111
00100111100
11111111111
11011000011
11111111111
10011000011
11111111111
10000000000
00000000000
10011000011
00000000000
11011000011
00000000000
00100111100
00000000000
01100111100
00000000000
01111111111
11111111111
01100111100
11111111111
00100111100
11111111111
11011000011
00000000000
10011000011
00000000000
10000000000
00000000000
10011000011
11111111111
11011000011
11111111111
00100111100
00000000000
01100111100
11111111111
01111111111
11111111111
01100111100
11111111111
00100111100
11111111111
11011000011
11111111111
10011000011
11111111111
10000000000
11111111111
10011000011
11111111111
11011000011
00000000000
00100111100
11111111111
01100111100
00000000000
01111111111
00000000000
01100111100
00000000000
00100111100
11111111111
11011000011
00000000000
10011000011
00000000000
10000000000
00000000000
10011000011
11111111111
11011000011
00000000000
00100111100
00000000000
01100111100
00000000000
01111111111
11111111111
01100111100
11111111111
00100111100
00000000000
11011000011
11111111111
10011000011
11111111111
10000000000
11111111111
10011000011
00000000000
11011000011
00000000000
00100111100
11111111111
01100111100
00000000000
01111111111
00000000000
01100111100
00000000000
00100111100
11111111111
11011000011
11111111111
10011000011
00000000000
10000000000
00000000000
10011000011
00000000000
11011000011
00000000000
00100111100
00000000000
01100111100
11111111111
01111111111
11111111111
01100111100
00000000000
00100111100
00000000000
11011000011
11111111111
10011000011
00000000000
10000000000
11111111111
10011000011
00000000000
11011000011
11111111111
