01110011110
00000000000
01010000110
00100111100
00000000000
01111010011
00010100001
01111010011
01100110010
01100111100
01110101000
01111010101
00000100100
01110111011
01100000111
00110010001
00010101111
00000100000
00000000000
01111111111
11111111111
01011000110
01111001100
01100111100
00110000110
01100101101
11111111111
00111000111
01011010101
00100011010
01010011110
00100111100
11111111111
01111010101
01001010110
11011000011
00100000100
01011001011
01111010101
00010001101
11111111111
10011000011
00100000100
00011111001
00101100110
11111111111
10000000000
00111100100
01101010001
01000110010
00100100100
01100000011
01001000100
00000000000
10011000011
01100011101
00010000100
00111100000
00000000000
00010100101
00100111110
00010101001
00100001101
01011000001
00111001100
11011000011
00000000000
00010011011
01000100110
00001001111
00001101101
00000000100
01101000100
00001010110
00100001001
00110111001
00010111010
00100111100
00000000000
01100111100
01001010001
00010010100
01001111100
01000001101
00001001101
00000000000
01111111111
11111111111
01100111100
00000110010
01111000110
00111110100
01110011000
00001110001
00110001110
11111111111
00001100010
00100111100
01111010010
00000111101
11111111111
01101001000
11011000011
11111111111
10011000011
01011101100
00111001101
00100101111
00011000001
00010111011
01010000000
00001010010
01100011001
00110111101
00100111001
01000001010
01100101101
00110000011
01000100001
01111000000
01000110010
01001011000
11111111111
00111100001
10000000000
00011000111
00000000000
10011000011
00000000000
00100111110
00110111000
11011000011
01111101010
00001110001
00000000000
01001100000
00100111100
01011010111
00000000000
01100111100
00000000000
00110110001
00001010111
01111111111
00000011101
01011101011
01001001111
00000000000
01111011001
01000010101
01100111100
01001111110
00110010100
01111110010
11111111111
01110100110
00001100100
00100111100
01010110111
00000000000
00001101101
00111111001
01011011011
01110001111
01011001010
11011000011
11111111111
00111111111
01110011101
01001110111
01100111000
00010111011
10011000011
00000011101
00010101011
01011011001
00111100001
11111111111
00000101011
10000000000
00001100010
01101000100
00010011001
01000010010
01010010111
00111010000
01101001100
00000000000
10011000011
00000000000
01101010010
00000111101
01000011010
01010011111
00100101010
00000001111
00010101011
11011000011
00011001010
00101011011
01110101101
00000000000
00100010011
01000110000
00110101011
00100110100
01010101001
01011001010
00010110110
00100111100
00010101111
00000000000
01110000110
00011000010
00111010111
00010100000
01010010011
00011000011
00111101101
01100111100
00011100111
01001010100
00000000000
01111111111
00100001111
01111101101
00101011111
00001101110
01110000011
00100001010
00000010111
00100111111
00000000000
01100111100
00001100000
00111100001
01011001011
00000100010
11111111111
01000011111
00110100000
01011011110
01000011111
00001101100
01100011100
00001011100
00100111100
11111111111
11011000011
01000011011
01101111111
01111000101
01111010011
11111111111
00100100111
01011000111
10011000011
11111111111
10000000000
01101011111
01100011110
00000000110
00110001011
00000000001
00110110010
01100010011
01100100010
00000100100
00000000000
00111100100
10011000011
01001101101
00000000000
00011111000
00100010011
00011000001
11011000011
00000000000
01010111011
00110110011
01010010110
01010001010
00011010101
00011110001
00100111100
00111001100
01010100101
00101100110
00110101001
01101010100
00000000000
01001010011
01101111001
01100111100
00001111001
01010010100
01010001110
01010010110
01011100001
01111111000
00000000000
01111111111
11111111111
01100111100
00111001010
01100001101
01100010101
01111100011
11111111111
00100111100
00001011111
01000011110
00111110000
01010101110
01000010100
00010011001
00100001100
11111111111
00011111000
01010111111
01011110001
01010111011
00111000100
11011000011
00110110010
00000000000
10011000011
00110110111
00110010000
00110010101
01100000100
00011011100
01111001011
01010101110
01101010100
00010101011
01111110100
01110001000
00010011110
00000000000
01011111101
01100101000
01000100010
10000000000
00000000000
10011000011
00111111010
11111111111
00010010111
11011000011
01000111101
01011001000
01101000010
01111110011
11111111111
01001110010
01000011011
01100110011
00100111100
01110011001
01101100000
01001010111
00000000000
00001010101
01010100100
01110001111
01100010010
01110110101
00000010001
01100111100
00111101111
00011010110
01010000100
11111111111
00101110010
01111111111
00011000100
11111111111
01100111100
11111111111
00100111100
11111111111
00100100000
01011000111
01000100100
00001111110
01101101000
00100010100
11011000011
01010001111
00011010010
00001010011
11111111111
10011000011
11111111111
01001001010
10000000000
01011101001
00001000000
01110111011
01101101110
01000001101
11111111111
00010001001
10011000011
00100110100
11111111111
00111011101
00000011001
01000111011
00101100011
00000110111
11011000011
00101010010
00001111000
01000101000
01111111110
00000000000
00111011011
01101000101
00100111100
11111111111
00000111010
00101010111
01100111100
00000000000
01010110010
01110100101
01111111111
01011110001
00010111100
00100110010
00000000000
01100111100
00001001001
00000000000
00100111100
00000001101
00011001001
11111111111
00111010010
11011000011
00101010011
00000000000
10011000011
00000000000
10000000000
01100001010
00001011011
00000000000
01110011101
00001101111
00101011001
10011000011
00000001010
11111111111
01001101001
01011101010
01100011111
11011000011
01000111001
00000111111
00101011001
01011110110
00000000000
00100111100
00111110000
01100110001
00000110100
00000000000
01100111100
01111000100
00010000111
00001110000
00000000000
00101010000
01011111110
01011110101
01111111111
01111100000
00001011000
00101111001
01001100011
00101111000
11111111111
01100111100
00011010010
01000110100
11111111111
00111101111
00100111100
00001100110
00000000000
11011000011
00001011101
00001101011
11111111111
00100101010
01111011010
01011000110
00110111010
00001110000
00010111111
10011000011
00111110010
00110010101
11111111111
10000000000
00110110111
01001101111
11111111111
01100010110
00010000000
10011000011
00000000000
11011000011
01010011110
01000011111
00000000000
00010000001
00100111100
11111111111
01100111100
00000000000
01111111111
00101000011
00000000000
01100111100
01011001111
00010111100
00000000000
00100111100
01011010010
00101000000
11111111111
01111110010
11011000011
11111111111
00001001011
00110011011
00110011011
00010011101
00010100100
01101111011
01010111101
10011000011
01101010011
00101010111
00000000000
00110110000
01000111011
00110110010
00001111111
10000000000
00000000000
01010011100
01110111101
00011110110
01100001000
01011111000
10011000011
00111011001
00000000000
11011000011
00010110011
00000000000
01110010010
01011001110
00100111100
01000101001
00000100101
01011111101
00000000000
00101001101
00110011000
00010111000
01100111100
11111111111
01010011100
00010100111
01100101100
00111000010
01111111111
00011101001
11111111111
01010101110
01010010000
00110001111
00101000100
01100100111
01000000101
01111001100
00000111101
01010000101
01111111011
01100111100
01001101010
00010010001
00000000000
00010111100
00101111010
01011101111
00010110100
00100001111
00011100100
00001011001
00010111000
00100111100
00101100011
00110001000
00000010110
01100110010
01100111111
01001110111
01000011110
00000000000
11011000011
00011101000
01111110000
11111111111
00001011001
01111110011
10011000011
00000010010
01100100001
01110001001
01010000000
00000000000
10000000000
11111111111
10011000011
00000000000
01111000001
00110100100
01111000111
01111110011
00101011000
00011111001
11011000011
01000011011
01001101000
01001010100
01001010100
00001010100
01111111011
01111100001
01110001010
00110100110
11111111111
