100000000000
000001000110
100100111100
000011001111
001100110000
001010011001
000011101110
000001110011
001101011001
000111111101
100000000000
001110101010
001111100100
101100111100
100000000000
101111111111
000110101110
001011000101
111111111111
000100101101
000001101011
000100100001
101100111100
111111111111
100100111100
001101111010
111111111111
000010000101
001100110010
000010001100
000110011110
111011000011
001001101100
111111111111
001111110011
001011000110
000000100011
110011000011
000101100010
111111111111
000101110111
001000011000
001101000011
110000000000
100000000000
001010001100
110011000011
001000001111
001001101100
001101101011
000001010110
000101010011
000101111100
000010110100
100000000000
000000101101
001011101110
000110000100
000110011000
000010100000
000101000001
000011111100
000110100010
000010010010
000001010101
000000011111
001011001100
111011000011
001000111010
001000111011
000110101101
000111110100
100000000000
000111011101
100100111100
001011001110
000010111010
001001010101
000011100010
100000000000
000110111011
000001001000
001010110111
101100111100
000011001100
001000101011
100000000000
101111111111
001100001110
000000111010
000010110010
001000100010
111111111111
001100000111
000001000110
101100111100
001011001000
001000000001
001001110001
001010101110
000100110001
000110000110
001110001100
001110010111
001101000010
111111111111
100100111100
111111111111
111011000011
111111111111
000101011100
001110110011
110011000011
001101101111
000010001101
001101101100
001011000111
000111001100
001111001011
111111111111
110000000000
001001011001
000111011111
001011111011
001101110000
000111111101
000011101010
100000000000
110011000011
000011101110
001011011000
001110111111
100000000000
001111101011
001110010101
000000001110
000011101100
001011100101
001001011001
000011111001
000000001010
001111010100
111011000011
100000000000
000011111100
100100111100
000010001111
000001100001
001001011111
001010101011
000110111011
100000000000
000011110111
001101101101
101100111100
000000100000
001101010110
100000000000
001111000100
001100111001
001100100111
000000110010
101111111111
000111110100
001011111101
000100110001
100000000000
000111001001
000001100100
000000011100
001110011000
000001111010
101100111100
001101010010
111111111111
001111010011
001010001100
000011011101
001011100011
100100111100
000110101110
100000000000
111011000011
000100011100
000100100101
111111111111
001011001001
110011000011
000111000101
000010110011
111111111111
000100010011
001111000110
001010110110
001100011001
001111001001
110000000000
100000000000
001100010101
001010111000
000110000100
110011000011
000000011110
000101010101
001000111000
000110100001
001101001101
001000010111
001011110100
001111011111
001111010101
000110000100
001110100100
100000000000
111011000011
001000101011
100000000000
001110001110
100100111100
000100011110
001001101110
100000000000
101100111100
001101001110
001101010100
100000000000
001101111111
101111111111
001110011000
100000000000
101100111100
001101010110
000110100111
000010000000
111111111111
001001101000
100100111100
000000111011
001011100010
000110011010
001110010010
000001000110
111111111111
001101110100
000011110101
000111101010
001110111100
001011010101
001110011000
111011000011
000000000100
001000000111
000011100111
000100101000
111111111111
110011000011
111111111111
000001111110
001110010111
000001111010
001101111111
000000101010
110000000000
100000000000
000111010011
001011001011
001010000011
001010100101
000111011110
110011000011
100000000000
000100111011
001010011011
001011011011
000111110011
001110111101
000001110111
111011000011
001101011010
000011011100
001001010101
001000001001
001010011010
000100110100
100000000000
000110001110
000010110111
100100111100
001110000000
001101110100
100000000000
001111111100
001101111101
101100111100
001110101111
000110111001
001011100001
100000000000
001110101111
000111100100
000100111100
001111101100
001111110111
000110110011
101111111111
111111111111
001011100111
001101010000
001000110100
101100111100
000010010010
111111111111
001001101110
100100111100
001010000100
000010000010
111111111111
111011000011
000111110011
100000000000
000000010010
110011000011
001111100110
100000000000
001101110010
110000000000
001101000000
000000000010
001110011101
000110000011
000011111000
001111101100
000100100001
000101101110
000001010101
100000000000
000001010110
001100110011
000010010000
000101100110
001001011000
110011000011
001010001110
111111111111
001110111001
001010111101
000100001010
000011111110
001110100011
001100101100
000010110110
001010000001
001010100111
001011110101
001001100110
111011000011
000000110110
000001111001
001100111111
111111111111
001011011001
000011111110
100100111100
000000110011
001001111010
001111100111
000100001010
001100111000
000001011101
000010111111
000101101011
001011100111
001100101000
100000000000
000000110101
001010110110
000001011101
001000001001
000101000011
101100111100
000010010011
001001111100
001000010001
000011100111
001011001000
111111111111
000110101110
000110000100
001111110000
000110100110
101111111111
001010001011
111111111111
101100111100
000111111100
111111111111
100100111100
111111111111
000111011100
000111111001
111011000011
000100100111
111111111111
000111100110
001010011110
001001111010
110011000011
111111111111
000000011011
001001110000
110000000000
000000110111
000111000101
001001000011
000101111011
111111111111
000000110000
000000100110
001011110111
001000001101
110011000011
111111111111
001111111000
001100000010
111011000011
000110111000
000100001011
100000000000
001010001110
100100111100
001010011011
000100111011
001110001000
000011110111
000100101001
111111111111
101100111100
000110111110
000100101001
100000000000
001101101111
000111101010
000111110100
101111111111
000010111011
000000100001
001011111101
000010101101
001000101011
100000000000
001110101000
000111101101
000100111110
101100111100
000010000110
000110010100
000000010101
000100100110
100000000000
001011101001
100100111100
111111111111
001001011110
001111011101
000011000010
111011000011
001101110111
100000000000
110011000011
001001101010
000000000111
001111000111
000001110011
000011110111
001001110010
001100110000
001100011111
000000110111
001111110111
100000000000
110000000000
000111101100
001100111100
100000000000
110011000011
111111111111
001100011011
000000011100
001000000000
000010110001
001001001100
000010011101
000010010011
000101011001
111011000011
100000000000
000111111100
001101111010
001010101011
100100111100
001111010101
001100111011
001110001010
100000000000
101100111100
000000001110
001111001101
100000000000
000110111001
001101001011
000110000101
001011110101
001111001000
001100101010
001101100100
001011110011
001000010111
000011010011
000001110001
000101010001
001101000011
001000010101
000001111011
000101100010
001001001011
000011001011
001110011010
101111111111
111111111111
001110001110
000100011011
001001001011
000000001111
001000000110
000001000010
000011101111
101100111100
000110010010
111111111111
001100011000
100100111100
000101000110
000011010000
000001000111
000010100001
100000000000
000010010000
001011100001
001011101100
000110100000
111011000011
000011100000
001010100110
001100101100
000100111100
001111110001
001101010000
001001100001
000111111100
000001000101
000001100101
000110011100
111111111111
001001110011
001001000011
001001001110
001101111011
001100100110
001101001111
001111100110
110011000011
111111111111
001101010010
000101001110
001000100110
001101000111
000001001110
000011110000
000100010010
001111111010
001011010000
001010111111
000110000101
000101110011
000101111001
001000000010
000011010011
001001001011
000100001100
001110000010
110000000000
000001010110
001000100111
000011101110
000111010101
001010100100
000101100011
111111111111
000100110001
110011000011
001011110110
001011001101
100000000000
001110011010
001001100010
111011000011
100000000000
001101000100
001101110001
100100111100
000011110001
001111101111
001011111110
000010101010
000001101011
001011101010
000010001000
001000001000
001101101111
001100111000
001111010001
111111111111
000100100000
001010111100
101100111100
000101001101
000010001000
100000000000
000010011100
101111111111
100000000000
101100111100
001010101100
001100101000
000111100011
001111010100
000100111000
000011110001
100000000000
001001111001
000001111101
100100111100
111111111111
000110100100
001110111100
000000110101
001011111100
000111111000
111011000011
000111101101
000011100010
111111111111
110011000011
001100010101
100000000000
001010111100
001111110101
110000000000
000111110101
000001010101
000000110101
001011011000
001001110111
100000000000
000110000101
110011000011
000100001100
100000000000
001000010110
000011011110
001101110000
111011000011
001100011101
001110101100
000010100110
000001110100
100000000000
001101100011
001001010111
001001001100
100100111100
001001101110
000100010010
100000000000
000011101000
101100111100
111111111111
101111111111
111111111111
001101001010
001100110100
001101101111
000011010000
000001011111
000011011100
101100111100
000011001010
001111001100
001001010101
001011011011
001101101110
001100000000
100000000000
000010010010
001001110000
000110001000
001110001011
100100111100
100000000000
000110101111
001111010101
001111101011
111011000011
111111111111
000111111111
001111100111
000110011010
000100001011
001111011010
000100110010
000000000001
000110011101
001111001100
000100100110
110011000011
000010011100
100000000000
000100100101
001011100101
000101100011
001111001111
110000000000
001001110101
001001101000
001011111000
000100000001
111111111111
001010010011
110011000011
000011111011
100000000000
001110001111
000011010110
001110001100
111011000011
001001111001
111111111111
