00000000000
11111111101
11111111011
00000001010
00001001000
00010100011
00100100001
00110001101
00111011011
00111101110
00111011011
00110001111
00100100101
00010011000
11111111111
11101100110
11011011000
11001101110
11000100011
11000010000
11000100011
11001101111
11011011001
11101100110
11111111111
00010011000
00100100110
00110010000
00111011011
00111101110
00111011011
00110001111
00100100101
00010011000
11111111111
11101100110
11011011000
11001101110
11000100011
11000010000
11000100011
11001101111
11011011001
11101100110
11111111111
00010011000
00100100110
00110010000
00111011100
00111101110
00111011011
00110001111
00100100101
00010011000
11111111111
11101100110
11011011000
11001101110
11000100011
11000010000
11000100011
11001101111
11011011001
11101100110
11111111111
00010011000
00100100110
00110010000
00111011100
00111101110
00111011011
00110001111
00100100101
00010011000
11111111111
11101100110
11011011000
11001101110
11000100011
11000010000
11000100011
11001101111
11011011001
11101100110
11111111111
00010011000
00100100110
00110010000
00111011011
00111101110
00111011011
00110001111
00100100101
00010011000
11111111111
11101100110
11011011001
11001101111
11000100011
11000010001
11000100011
11001101111
11011011000
11101100110
11111111111
00010011000
00100100110
00110001111
00111011011
00111101101
00111011011
00110001111
00100100101
00010011000
11111111111
11101100110
11011011000
11001101110
11000100010
11000010000
11000100010
11001101110
11011011000
11101100110
11111111111
00010011000
00100100101
00110001111
00111011011
00111101110
00111011100
00110010000
00100100110
00010011000
11111111111
11101100110
11011011001
11001101111
11000100011
11000010001
11000100011
11001101111
11011011000
11101100110
11111111111
00010011000
00100100110
00110010000
00111011011
00111101110
00111011011
00110001111
00100100101
00010011000
11111111111
11101100110
11011011000
11001101110
11000100010
11000010000
11000100011
11001101111
11011011001
11101100110
11111111111
00010011000
00100100101
00110001111
00111011011
00111101110
00111011100
00110010000
00100100110
00010011000
11111111111
11101100110
11011011000
11001101111
11000100011
11000010001
11000100011
11001101111
11011011001
11101100110
11111111111
00010011000
00100100110
00110001111
00111011011
00111101101
00111011011
00110001111
00100100110
00010011000
11111111111
11101100110
11011011000
11001101111
11000100011
11000010000
11000100011
