00000000
00000000
01001100
00101001
01100011
01011001
01100011
01000101
00100001
00010000
01100011
01000100
00110110
01010001
00101000
00001001
01011010
00011011
01100011
01000110
01001011
01100011
01100011
01100011
00111111
01000111
01100011
01100011
01100011
00001000
01100011
00001011
01100011
01100011
01100011
00100010
01100011
01000110
01100011
00001110
00010110
00001010
00110111
01100011
01100011
00011000
01100011
00111101
01100011
01100011
00001001
01100011
00111001
00001101
00011101
01100011
00010100
01100011
00111001
00100100
01011001
00100011
01100011
00110000
00011011
00110011
00001100
00111011
00010110
01100011
01100011
01001011
01100011
01100011
01100011
01100011
01100011
00100110
01010100
01010011
00011000
01000110
01100011
01100011
01100011
01100011
01001111
01100011
01100011
00100110
01001100
01010111
00100010
00000101
01100011
01010010
01100011
01100011
00101001
01100011
01001001
01100011
