00000001
00000010
00000011
11011101
11011110
10110011
01010011
01010100
00110100
11110110
11110111
11111000
00010101
00010110
00010111
00011000
00011001
00011010
00011011
00011100
00011101
00011110
00011111
01001100
01011000
01011001
10011110
10011111
11001011
11001100
11001101
11001110
11011111
11100000
11100001
11100010
00010110
00010111
00011000
01001010
00110100
00110101
00110110
00110111
00111000
00111001
00111010
00111011
00111100
00111101
01101000
01101001
01101010
01101011
01101100
01101101
00000001
00000010
00000011
00000100
00000101
00000110
00000111
00001000
00001001
00001010
00001011
00001100
00001101
00001110
00001111
01000011
01000100
01110101
01110110
01110111
01111000
01111001
01111010
01111011
01111100
01111101
01111110
01111111
10000000
10000001
10000010
10000011
10000100
10000101
10000110
11001111
11010000
11000000
10001010
00101111
00110000
00000010
11011111
11100000
00000000
00000000
