00000000
00000000
11011010
00101110
11100110
10110101
01101010
00011010
10000110
11100111
11101001
10010000
00100011
00111110
11100101
01110101
01001100
10000001
00010111
10001001
01001011
00001101
10000111
11001000
01100110
10011100
00100001
11100100
00001110
11110001
10111001
01010100
10010101
10111100
00010110
10011001
00110101
01100100
10100100
00011010
00011000
11001001
01101111
01101111
11101111
01111101
01000110
01110100
01010001
00100000
01101100
10001000
00100011
00110011
01000001
10001110
11101010
01010000
00101100
10101111
10011111
11000010
10101111
10011001
01101100
01101101
01001010
11101111
11000010
00011100
00110111
00101010
10000100
11110100
00001010
00011111
10001100
01000010
11101110
10010100
00111011
10110111
01100100
11010000
10000001
01110010
01011011
10100111
00100101
10111010
10010010
11101100
10100100
01011001
10100000
10111111
10011110
01000111
11001110
10001001
00010010
10101111
