00000101100000000000010000010011
00000000000000000010000110110111
00000000010000011000000110010011
01000000100101000101001010010011
00000101100101000111010010010011
00000000010101001100010110110011
00000000010101000010011110110011
00000000101100011010010000100011
00000000000000000000000000000000
00000000000000000000000000000000
00000000000000000000000000000000
00000000000000000000000000000000
00000000000000000000000000000000
00000000000000000000000000000000
00000000000000000000000000000000
00000000000000000000000000000000
00000000000000000000000000000000
00000000000000000000000000000000
00000000000000000000000000000000
00000000000000000000000000000000
00000000000000000000000000000000
00000000000000000000000000000000
