00000000000000000000000000010011
00000000000000000000000000010011
00000000000000000000000000010011
00000000000000000000000000010011
00000000000000000000000000010011
00000000000000000000000000010011
00000000000000001000001010110111
00000000000000001010001110110111
11111111111100111000001110010011
11111110011100101000111011100011
00000000000000000000000000010011
00000000000000000000000000010011
00000000100000000000000011101111
00000000100100101000010000010011
00000001011000101000010000010011
00000000000000000000000000000000
00000000000000000000000000000000
00000000000000000000000000000000
00000000000000000000000000000000
00000000000000000000000000000000
00000000000000000000000000000000
00000000000000000000000000000000
