00000000011100000000100000010011
00001111110000010000001000010111
11111111110000100000001000010011
00001111110000010000001010010111
00000001000000101000001010010011
00000000000000010000011010110111
11111111111101101000011010010011
00000000000000000000000000000000
00000000000000000000000000000000
00000000000000000000000000000000
00000000000000000000000000000000
00000000000000000000000000000000
00000000000000000000000000000000
00000000000000000000000000000000
00000000000000000000000000000000
00000000000000000000000000000000
00000000000000000000000000000000
00000000000000000000000000000000
00000000000000000000000000000000
00000000000000000000000000000000
00000000000000000000000000000000
00000000000000000000000000000000
