0
237
236
237
239
237
240
237
241
237
240
237
239
237
236
237
235
237
234
237
235
237
236
237
239
237
240
237
241
237
240
237
239
237
236
237
235
237
234
237
235
237
236
237
239
237
240
237
241
237
240
237
239
237
236
237
235
237
234
237
235
237
236
237
239
237
240
237
241
237
240
237
239
237
236
237
235
237
234
237
235
237
236
237
239
237
240
237
241
237
240
237
239
237
236
237
235
237
234
237
235
237
236
237
239
237
240
237
241
237
240
237
239
237
236
237
235
237
234
237
235
237
236
237
239
237
240
237
241
237
240
237
239
237
236
237
235
237
234
237
235
237
236
237
239
237
240
237
241
237
240
237
239
237
236
237
235
237
234
237
235
237
236
237
239
237
240
237
241
237
240
237
239
237
236
237
235
237
234
237
235
237
236
237
239
237
240
237
241
237
240
237
239
