00000000
00000000
00011001
00110101
01100011
00000111
01100011
01100011
01100011
01100011
01100011
01100011
01100011
01100011
00001000
00000110
00101110
00100111
01000110
00100110
00010101
01000010
01001111
01100011
01100011
01100011
00000001
01100011
01001100
01100011
01100011
01100011
00011000
01100011
00001110
00010111
01010011
01100011
00100001
00101010
01100011
01100011
01100011
01001110
00011010
01001001
00111001
01010100
01100011
01100011
01100011
01100011
01010110
01010000
01100011
01001110
01010110
01100011
01100011
00001010
00100001
00111101
00010011
00111100
00100001
01001101
00110111
00101001
00000010
00101000
00011100
00011011
01100011
01100011
01100011
00111011
00111010
01100011
00001111
01010101
00010101
00000011
01100011
01100011
00101101
00001110
01001001
01100011
00100011
01001101
00110101
00110010
01100011
00000010
01100011
01100011
01100011
01100011
01100011
01100011
00110000
01100011
