00000001
00000010
00000011
00000100
00000101
00000110
00000111
00001000
00001001
00001010
00001011
00001100
00001101
00001110
00001111
00010000
00010001
00010111
00011000
00011001
00011010
10000111
11001000
11001001
11001010
11001011
11001100
00001110
00001111
00010000
00010001
10010101
10010110
00010110
00010111
00011000
00011001
00011010
00011011
00011100
00011101
00011110
01101111
01110000
01110001
01110010
01110011
01110100
00100000
00100001
10001000
10001001
10001010
10001011
10001110
10001111
01010000
01010001
01010010
01010011
01010100
01010101
01010110
01010111
01011000
01011001
01011010
01011011
00011100
00011101
00011110
10000100
10000101
00001010
00011111
00100000
00100001
00100010
00100011
00100100
00100101
00100110
00100111
10000001
01110010
01110011
01110100
01110101
01110110
01110111
01111000
01111001
01111010
01111011
01111100
01111101
01000111
01001000
01001001
01001010
00000000
00000000
