00000000
00000000
11010011
11111000
11011101
10110010
10110011
01010011
01001001
00110100
11110110
10010110
01000011
00010101
01110100
01001001
11010100
10000111
00011111
00100001
10011100
11000000
11001100
11110011
01001100
01011000
10100001
10011110
10100111
11001011
11111111
00101111
11100100
11011111
11001010
00111100
00001010
00010110
01101011
10001000
01001010
00110100
10001101
00111101
01010010
10000001
01001111
00000001
00000110
10010111
00001101
01101000
11010100
10100110
01011101
10111011
10011100
00000001
00000010
00001100
01011101
00111110
11011001
11101111
11011101
10001011
11000111
10100000
00111001
01011101
01111010
10011110
01000011
01011110
01110101
01100001
10100010
00011010
10001111
11010100
10000101
11001000
00011100
10010101
00110101
10111001
11100010
01010001
11010010
01011011
00001010
00110111
11001111
00110110
11000000
10001010
00101111
00110011
00000010
11011111
11000000
01011111
