0000000000000
0001111011010
0000100111100
0000000011011
0000000000000
1001100111100
0001000110010
0000000000000
0001111001100
0000110111010
0000011101011
0001111101011
0001111111111
0001010010000
0001111110001
0000100001011
0000001110101
0001100100011
0001011101011
0001101011010
0000110000110
0001001101010
0001011101010
0000001111100
0001100111101
0000101100010
0111111111111
1001100111100
0001111000001
0001111011100
0001000110111
0001111100011
0000000011001
0001011101010
0111111111111
1000100111100
0000000101000
0000011010111
0001010011101
0111111111111
0000000101000
0001000000110
0001110000011
0111011000011
1111111111111
1110011000011
0001011110000
0000010100011
0001010000011
0000100101110
0000110000110
0000011010001
0001101100000
0001010110110
0000011110000
0001110101101
0001110000111
0000000000110
0111111111111
1110000000000
0001000110110
0000011101001
0000000000000
1110011000011
0000000001111
0001111111110
0001110010011
0001101010110
0000000111100
0000101000110
0001110010110
0000011111011
0000000000000
0000110010001
0000110010001
0111011000011
0001110111011
0000111101101
0000000000000
0000011010110
0000100111100
0001000000111
0001110100100
0001110011000
0000111001010
0000000000000
1001100111100
1000000000000
0000111010001
0001110110100
0001001010101
0001111111111
0001111000100
0111111111111
1001100111100
0001001111010
0000110101001
0111111111111
0001010111010
0000100111100
1111111111111
1111011000011
0000101111000
0001001001100
0111111111111
1110011000011
0000111010101
0111111111111
1110000000000
0001011111100
0001000011001
0001000111001
0000100101100
0000001001101
0000110011000
0000110110101
0000110011101
0000000000000
0000111111001
0001000110101
0110011000011
1000000000000
1111011000011
0001101010110
0001010010010
0001111101001
0001100100011
0001100011110
0000000000000
0000101101101
0000100111100
0000110101001
0001100100000
0001001001101
0000000100001
0001111010100
0001110111010
0001100000101
0001101001011
0000000000000
0000001101001
0001100111100
1000000000000
0000000001001
0000111100100
0001111111111
1000000000000
1001100111100
1111111111111
0000111010111
0000111000011
0001001001001
0001011011110
0001001001001
0000101111100
0001011111000
0001010000000
0000001111010
0000100111100
0001111100111
0000000000000
1111011000011
0001100110100
0000101110011
0111111111111
1110011000011
0000000101111
0001000000001
0111111111111
0001011011111
0001000011101
0001111110100
0000101110100
0110000000000
0000110100111
0001000110110
0000100010000
0000000000000
1110011000011
0000101011000
0000001101010
0000001110101
0000000000000
0001011011011
0001101000010
0111011000011
0001111010110
0000010011101
0000100100001
0000000000001
0000111000110
0000000000000
0001000101100
0000100111100
0000011111010
0000000110101
0000000101000
0000101011111
0000000000000
0001010000100
0001011110001
0001010010111
0001001101100
0001011011001
0001110101101
0000101010000
0001100111100
0001010111010
0000000000000
0001111000000
0001111111111
0000011000110
0001001111011
0001010100010
0001101100111
0000110110110
0001010001111
0001111111000
0001000000101
0000000000000
1001100111100
0001110101001
0000111011000
0000001010001
0000000010000
0001001000101
0111111111111
0000101110000
0000100111100
0000010000111
0001101110011
0000000100011
0000111000001
0001111111110
0111111111111
0000000110010
0001011101010
0001000101111
0111011000011
1111111111111
0001101111110
0000111001010
0110011000011
1111111111111
0001111100010
0001100000101
0001100000110
0000000101010
0000111100111
0110000000000
0001110001100
0000000000000
1110011000011
1000000000000
0000100010111
0000100111000
0000100000010
0000010000110
0000111000110
0000010101101
0000111001110
0111011000011
0001110100000
0000111100010
0001101111111
0000001001000
0000000000000
0001100100000
0000111100010
0000100111100
1000000000000
0001001011100
0000011011111
0000101110010
0001101010001
0000111000011
0001111010001
0000100010000
0001000111101
0000100110011
0000100100010
0001100111100
1000000000000
1001111111111
0001001100101
0001101110001
0001110111110
0111111111111
1001100111100
0001101111100
0000011011101
0000000011010
0111111111111
0000110011010
0000011111000
0001110010001
0001110110001
0000010011001
0000100111100
0000010010111
0111111111111
0000010110011
0111011000011
0001111001010
0001010101111
0000000000000
0001110111110
0001110001111
0000010100110
0110011000011
0001111000111
0001000101100
0000011101111
0001100100110
0000110111110
0000101101001
0000101110101
0000000011001
0000111000010
0000101000001
0000011100100
0000100111011
0000000000000
0001101010111
0000101110011
0110000000000
1000000000000
0001000101010
0110011000011
1111111111111
1111011000011
0001110011100
0000010100101
0111111111111
1000100111100
0001111100100
0000110100010
0000111101111
0000010101011
0000000000000
0000100111110
0000011010111
0001100111100
0000101111000
0111111111111
0000011011111
0000011111011
0001111111111
1111111111111
0001100000011
0001011010110
0001100111100
0001110111000
0000100001000
0001011000111
0000011000101
0001011000100
0000011111111
0111111111111
0000010110100
0001101111011
0000100010101
0000010100001
0000100111100
0000011100111
0000101001011
0001100001101
0001010001010
0111111111111
0000101011011
0000010000010
0111011000011
0001110100010
0001011001101
0000010000010
0111111111111
0001110010000
0000011111111
0001001111111
0110011000011
0001000010001
0000001111001
0001110110100
0111111111111
0000101001010
0001111001001
0001010111011
0000101000011
0000010100001
0000001011110
0001001101110
0000011000110
0000011110110
0110000000000
0001100011110
0000110100010
0001100010101
0111111111111
0001010111001
0000010111101
0110011000011
0001100000001
0001001101010
0001000110011
0001010101000
0111111111111
0000101100101
0001111010100
0001010101001
0001101100101
0001000000011
0001010111101
0111011000011
1000000000000
0001010011010
0000110101111
0000010100111
0000100111100
0000010010001
0000000000011
0000011100101
0001000000010
0000011001100
0111111111111
1001100111100
0001011000111
0000100101110
0000000000000
0001001100010
0001111111111
0000000001010
0001100100110
0000100101001
0000110110011
0000011000011
0000011011001
0000000000000
0001101001001
0000001011010
0000010101110
0001011101000
0001100001101
0001100111100
0001110010111
0001000000101
0000000000000
0001001010010
0000000101010
0000100111100
0001010001111
0001010010111
0001101100101
0001010110000
0111111111111
1111011000011
1000000000000
0001100000010
0000111000011
0110011000011
1000000000000
1110000000000
1000000000000
0000010100000
0001000011100
0110011000011
0001001110101
0111111111111
0001010111001
0111011000011
0001111000011
0001011000101
0001110010111
0001111101101
0000000000000
0001010000001
0000110101011
0000100111100
0000010001001
0001011001000
0000000000000
0000000110011
0001101110110
0001100111100
0001111111011
0000000000000
1001111111111
1111111111111
0001010101110
0001000000100
0000000100101
0001100111100
0000100111011
0001101100111
0111111111111
0001011100001
0000011110000
0001111001100
0001011010011
0000011001100
0000100111100
0000000010110
0000000000000
1111011000011
0000110000001
0111111111111
0000010110010
0000101010001
0001011100101
0001100011011
0000010111100
0000111101110
0000101000100
0000100001000
0000101101000
0000000001001
0001110001010
0001101101110
0000110000000
0110011000011
1111111111111
0001101100101
0001101001111
0110000000000
0001001000011
0111111111111
1110011000011
1000000000000
0001110010011
0000000001000
0000001010110
0001100110111
0001001000100
0111011000011
0000010101101
0000000000000
1000100111100
0000000011011
0000011010001
0000000111001
0111111111111
1001100111100
0001011001010
0001110100001
0001111111110
0000101001010
0000000000000
0000111100011
0001101101111
0001111111111
0000010010001
0000000000000
0001110100110
0000011111000
0001011001110
0001111001001
0001111111011
0001010100011
0001001111100
0000111110100
0001100011101
0001100111100
0001011101100
0001100000100
0000000000000
1000100111100
0001110110101
0000101100110
0111111111111
0001011100011
0001110101011
0111011000011
0001001111000
0111111111111
1110011000011
0000100111110
0000001011001
0001010101010
0000000000000
0001111101011
0000000010111
0000011111010
0000010001010
0110000000000
0000001011001
0001001011011
0000000000000
0001001011110
0000011110110
0001100010100
0110011000011
0000001010001
0001111110000
0000000110101
0000001110101
0001101111000
0000000000000
0001100100001
0111011000011
0001010111011
0001011011001
0001101010100
0000000000000
1000100111100
0000111110010
0000000000000
0001010111000
0001110010100
0000110011000
0000100111100
0001111011010
0000111111011
0001100111100
1111111111111
0000110001110
0001111111111
0000010110110
0111111111111
0001111100110
0000000110111
0000011000010
0000101001110
0001100111100
0001100111101
0001011011111
0001101110100
0000010001011
0001010111000
0001111001000
0000000100000
0000000000000
1000100111100
0000110010101
0000101011111
0001001101001
0001101110011
0000001001011
0001011000110
0001010110011
0001110010100
0000101001100
0000011010100
0000000000000
0001100010011
0111011000011
0001001110110
0001000000011
0001001010111
0000101100101
0111111111111
0001011111010
0110011000011
0000001011001
0000111001111
0000000000000
1110000000000
0000100100011
0111111111111
0000000010011
0000011001100
0001011101101
0000100010011
0001111010000
0110011000011
1000000000000
0000001000001
0111011000011
1111111111111
