1000000000000
1000100111100
1000000000000
1001100111100
1000000000000
1001111111111
1111111111111
1001100111100
1111111111111
1000100111100
1111111111111
1111011000011
1111111111111
1110011000011
1111111111111
1110000000000
1000000000000
1110011000011
1000000000000
1111011000011
1000000000000
1000100111100
1000000000000
1001100111100
1000000000000
1001111111111
1111111111111
1001100111100
1111111111111
1000100111100
1111111111111
1111011000011
1111111111111
1110011000011
1111111111111
1110000000000
1000000000000
1110011000011
1000000000000
1111011000011
1000000000000
1000100111100
1000000000000
1001100111100
1000000000000
1001111111111
1000000000000
1001100111100
1111111111111
1000100111100
1000000000000
1111011000011
1111111111111
1110011000011
1111111111111
1110000000000
1000000000000
1110011000011
1000000000000
1111011000011
1000000000000
1000100111100
1000000000000
1001100111100
1000000000000
1001111111111
1000000000000
1001100111100
1111111111111
1000100111100
1111111111111
1111011000011
1111111111111
1110011000011
1111111111111
1110000000000
1000000000000
1110011000011
1000000000000
1111011000011
1000000000000
1000100111100
1000000000000
1001100111100
1000000000000
1001111111111
1111111111111
1001100111100
1111111111111
1000100111100
1111111111111
1111011000011
1000000000000
1110011000011
1000000000000
1110000000000
1000000000000
1110011000011
1111111111111
1111011000011
1111111111111
1000100111100
1000000000000
1001100111100
1111111111111
1001111111111
1111111111111
1001100111100
1111111111111
1000100111100
1111111111111
1111011000011
1111111111111
1110011000011
1111111111111
1110000000000
1111111111111
1110011000011
1111111111111
1111011000011
1000000000000
1000100111100
1111111111111
1001100111100
1000000000000
1001111111111
1000000000000
1001100111100
1000000000000
1000100111100
1111111111111
1111011000011
1000000000000
1110011000011
1000000000000
1110000000000
1000000000000
1110011000011
1111111111111
1111011000011
1000000000000
1000100111100
1000000000000
1001100111100
1000000000000
1001111111111
1111111111111
1001100111100
1111111111111
1000100111100
1000000000000
1111011000011
1111111111111
1110011000011
1111111111111
1110000000000
1111111111111
1110011000011
1000000000000
1111011000011
1000000000000
1000100111100
1111111111111
1001100111100
1000000000000
1001111111111
1000000000000
1001100111100
1000000000000
1000100111100
1111111111111
1111011000011
1111111111111
1110011000011
1000000000000
1110000000000
1000000000000
1110011000011
1000000000000
1111011000011
1000000000000
1000100111100
1000000000000
1001100111100
1111111111111
1001111111111
1111111111111
1001100111100
1000000000000
1000100111100
1000000000000
1111011000011
1111111111111
1110011000011
1000000000000
1110000000000
1111111111111
1110011000011
1000000000000
1111011000011
1111111111111
