11111111101
11111110111
00000001110
00010000000
00100100000
00101001000
00010110111
11110110011
11010111010
11001100110
11100100100
00000111011
00011001111
00010111111
00000101100
11101010000
11010100010
11010110100
11100111000
11110100100
11111110000
00001100111
00010101010
00000110000
11101001011
11011001110
11101010101
00000101011
00001000111
11110101000
11101001011
11110001010
11111111111
00010100010
00100111011
00100110000
00001111101
11111101011
11111100100
00000010011
00000111000
00001101111
00001111101
00000110101
11111001101
11101100011
11101010000
00000000000
00010101111
00001101001
11110111111
11101011011
11101010100
11111010011
00010100100
00011101010
00001001011
