000000000000000000000000000000000
000000000000000000000000001111100
000000000000000000000000000000000
000000000000000000000000001111100
111111111111111111111111100000111
000000000000000000000000000000000
111111111111111111111111110000011
111111111111111111111111111111111
000000000000000000000000001111100
000000000000000000000000000000000
111111111111111111111111110000011
000000000000000000000000001111100
000000000000000000000000001111100
000000000000000000000000001111100
000000000000000000000000001111100
000000000000000000000000011111000
111111111111111111111111110000011
000000000000000000000000000000000
000000000000000000000000001111100
000000000000000000000000000000000
000000000000000000000000001111100
111111111111111111111111100000111
000000000000000000000000000000000
111111111111111111111111110000011
111111111111111111111111111111111
000000000000000000000000001111100
000000000000000000000000000000000
111111111111111111111111110000011
000000000000000000000000001111100
000000000000000000000000001111100
