0000000000000000000000000000000000000
1100000000000000000000000000111110001
1100000000000000000000000000000000000
1100000000000000000000000000111110000
1011111111111111111111111110000011100
1100000000000000000000000000000000000
1011111111111111111111111111000001100
1011111111111111111111111111111111101
1000000000000000000000000000011111000
0100000000000000000000000000000000000
1011111111111111111111111111000001100
1100000000000000000000000000111110000
1100000000000000000000000000111110001
1100000000000000000000000000111110000
1100000000000000000000000000111110001
1100000000000000000000000001111100001
1011111111111111111111111111000001100
0000000000000000000000000000000000000
1100000000000000000000000000111110001
1100000000000000000000000000000000000
1100000000000000000000000000111110000
1011111111111111111111111110000011100
1100000000000000000000000000000000000
1011111111111111111111111111000001100
1011111111111111111111111111111111101
1000000000000000000000000000011111000
0100000000000000000000000000000000000
1011111111111111111111111111000001100
1100000000000000000000000000111110000
1100000000000000000000000000111110001
